160 670 001
 22 112  23 306  32 819  33 2223  54 372 
 23 338  24 64  33 2457  34 468  54 256  55 89 
 24 403  34 2925  55 346 
 24 177  25 225  34 1287  35 1638  55 334 
 25 403  35 2925  55 244  56 102 
 25 16  26 387  35 117  36 2808  56 346 
 26 258  27 145  36 1872  37 1053  56 334 
 27 403  37 2925  56 231  57 115 
 27 96  28 306  37 702  38 2223  57 346 
 28 346  29 88  38 2515  39 643  57 398 
 32 593  33 1609  42 310  43 843  54 58  64 274 
 33 1779  34 338  43 931  44 177  54 40  55 14  64 189  65 66 
 34 2118  44 1109  55 54  65 255 
 34 931  35 1186  44 488  45 621  55 52  65 246 
 35 2118  45 1109  55 38  56 16  65 179  66 75 
 35 84  36 2033  45 44  46 1065  56 54  66 255 
 36 1355  37 762  46 710  47 399  56 52  66 246 
 37 2118  47 1109  56 36  57 18  66 170  67 85 
 37 508  38 1609  47 266  48 843  57 54  67 255 
 38 1821  39 465  48 954  49 244  57 62  67 293 
 42 875  43 2376  64 333 
 1 155  43 2626  44 500  64 229  65 80 
 1 422  2 466  44 3126  65 310 
 2 88  3 555  4 244  44 1375  45 1750  65 298 
 4 311  5 555  6 22  45 3126  65 218  66 91 
 6 533  7 355  45 125  46 3001  66 310 
 7 200  8 555  9 133  46 2001  47 1125  66 298 
 9 422  10 478  47 3126  66 206  67 103 
 10 122  47 750  48 2376  67 310 
 48 2689  49 687  67 356 
 42 225  43 613  52 677  53 1839  64 313 
 1 1128  11 817  43 677  44 129  53 2033  54 387  64 216  65 75 
 1 3063  2 3385  11 2218  12 2451  44 806  54 2420  65 292 
 2 644  3 4030  4 1773  12 466  13 2918  14 1284  44 355  45 451  54 1065  55 1355  65 281 
 4 2257  5 4030  6 161  14 1634  15 2918  16 116  45 806  55 2420  65 205  66 86 
 6 3869  7 2579  16 2801  17 1867  45 32  46 774  55 96  56 2323  66 292 
 7 1451  8 4030  9 967  17 1050  18 2918  19 700  46 516  47 290  56 1549  57 871  66 281 
 9 3063  10 3466  19 2218  20 2510  47 806  57 2420  66 194  67 97 
 10 886  20 642  47 193  48 613  57 580  58 1839  67 292 
 48 693  49 177  58 2081  59 532  67 335 
 52 734  53 1993  62 141  63 383  64 117  74 215 
 11 428  21 1206  31 311  53 2202  54 419  63 423  64 161  65 28  74 148  75 52 
 11 1161  12 1284  21 3274  22 3619  31 845  32 933  54 2622  64 504  65 109  75 200 
 12 244  13 1528  14 672  22 689  23 4308  24 1895  32 177  33 1111  34 489  54 1153  55 1468  64 221  65 387  75 193 
 14 856  15 1528  16 61  24 2412  25 4308  26 172  34 622  35 1111  36 44  55 2622  65 581  66 32  75 141  76 59 
 16 1467  17 978  26 4136  27 2757  36 1067  37 711  55 104  56 2517  65 20  66 593  76 200 
 17 550  18 1528  19 366  27 1551  28 4308  29 1034  37 400  38 1111  39 266  56 1678  57 944  66 428  67 181  76 193 
 19 1161  20 1314  29 3274  30 3705  39 845  40 956  57 2622  66 73  67 540  76 133  77 66 
 20 336  30 947  40 244  57 629  58 1993  67 230  68 383  77 200 
 58 2255  59 576  67 125  68 433  69 110  77 230 
 62 875  63 2376  74 333 
 31 933  41 1011  63 2626  64 500  74 229  75 80 
 31 2535  32 2801  41 2746  42 3035  64 3126  75 310 
 1 513  2 354  11 81  12 55  32 533  33 3335  34 1467  42 578  43 3613  44 1589  64 1375  65 1750  75 298 
 2 123  3 477  4 460  5 336  12 19  13 75  14 72  15 53  34 1867  35 3335  36 133  44 2023  45 3613  46 144  65 3126  75 218  76 91 
 5 141  6 477  7 460  8 318  15 22  16 75  17 72  18 50  36 3202  37 2134  46 3469  47 2312  65 125  66 3001  76 310 
 8 159  9 477  10 548  18 25  19 75  20 86  37 1200  38 3335  39 800  47 1300  48 3613  49 867  66 2001  67 1125  76 298 
 39 2535  40 2868  49 2746  50 3107  67 3126  76 206  77 103 
 40 733  50 794  67 750  68 2376  77 310 
 68 2689  69 687  77 356 
 62 395  63 1073  72 480  73 1303  74 313 
 41 194  51 1206  61 544  63 1186  64 225  73 1440  74 490  75 75 
 41 528  42 583  51 3274  52 3619  61 1478  62 1634  64 1412  74 1714  75 292 
 11 378  12 260  21 459  22 316  31 432  32 298  41 162  42 222  43 694  44 305  52 689  53 4308  54 1895  62 311  63 1945  64 1477  65 790  74 754  75 1241 
 12 91  13 352  14 339  15 247  22 110  23 427  24 411  25 300  32 104  33 402  34 387  35 283  42 39  43 150  44 534  45 801  46 27  54 2412  55 4308  56 172  64 1089  65 3357  66 77  75 1920  76 86 
 15 104  16 352  17 339  18 234  25 126  26 427  27 411  28 285  35 119  36 402  37 387  38 268  45 44  46 818  47 590  48 100  56 4136  57 2757  65 56  66 3223  67 1245  75 68  76 1938 
 18 117  19 352  20 404  28 142  29 427  30 491  38 134  39 402  40 462  47 250  48 745  49 317  50 173  57 1551  58 4308  59 1034  66 903  67 1208  68 1945  69 466  76 1378  77 617 
 49 528  50 597  59 3274  60 3705  67 1412  69 1478  70 1673  76 194  77 1812 
 50 152  60 947  67 338  68 1073  70 428  77 703  78 1303 
 68 1214  69 310  77 335  78 1474  79 377 
 72 875  73 2376  74 176  84 156 
 61 661  71 1206  73 2626  74 621  75 42  81 77  84 108  85 37 
 61 1795  62 1984  71 3274  72 3619  74 3126  75 164  81 211  82 233  85 146 
 41 297  42 204  51 459  52 316  61 432  62 676  63 2362  64 1039  71 243  72 857  73 4308  74 3271  75 1909  82 44  83 277  84 122  85 140 
 42 71  43 276  44 266  45 194  52 110  53 427  54 411  55 300  62 104  63 402  64 1710  65 2645  66 94  72 58  73 226  74 2630  75 7710  76 221  84 155  85 380  86 54 
 45 81  46 276  47 266  48 184  55 126  56 427  57 411  58 285  65 119  66 2670  67 1899  68 268  75 192  76 7528  77 2975  78 150  86 412  87 177 
 48 92  49 276  50 317  58 142  59 427  60 491  67 850  68 2496  69 969  70 462  76 2159  77 2676  78 4384  79 1260  80 259  86 140  87 100  88 277  89 66 
 69 1795  70 2031  76 109  77 3181  79 3274  80 3705  86 97  87 48  89 211  90 239 
 70 519  77 914  78 2376  80 947  87 146  90 61 
 77 188  78 2689  79 687  87 167 
 72 56  73 153  82 819  83 2223  84 333 
 73 169  74 32  81 1128  83 2457  84 697  85 80  91 817 
 74 201  81 3063  82 3385  84 2925  85 310  91 2218  92 2451 
 71 216  72 149  74 88  75 112  81 459  82 961  83 4030  84 3060  85 1936  91 432  92 765  93 2918  94 1284  101 324  102 223 
 72 52  73 201  74 193  75 343  82 110  83 427  84 2668  85 7474  86 253  92 104  93 402  94 2022  95 3201  96 116  102 78  103 301  104 290  105 212 
 75 67  76 394  77 193  78 134  85 243  86 7415  87 2991  88 285  95 119  96 3204  97 2255  98 268  105 89  106 301  107 290  108 201 
 76 129  77 72  78 67  79 201  80 231  86 2170  87 2504  88 4173  89 1394  90 491  97 1050  98 3052  99 1102  100 462  108 100  109 301  110 346 
 77 201  86 206  87 3028  89 3063  90 3466  99 2218  100 2510 
 77 48  78 153  87 1012  88 2223  90 886  100 642 
 78 173  79 44  87 356  88 2515  89 643 
 82 593  83 1609  84 313  92 282  93 766 
 83 1779  84 555  85 75  91 389  93 847  94 161  101 1206  111 350 
 84 2118  85 292  91 1056  92 1167  94 1008  101 3274  102 3619  111 950  112 1050 
 84 931  85 1467  92 222  93 1389  94 1055  95 564  101 135  102 782  103 4308  104 1895  111 459  112 516  113 1250  114 550  121 432  122 298  131 405  132 279 
 85 2323  86 86  94 778  95 2398  96 55  102 32  103 125  104 2533  105 4397  106 172  112 110  113 427  114 1112  115 1551  116 50  122 104  123 402  124 387  125 283  132 97  133 377  134 363  135 265 
 85 84  86 2325  95 40  96 2302  97 889  105 37  106 4261  107 2878  108 83  115 126  116 1628  117 1212  118 285  125 119  126 402  127 387  128 268  135 111  136 377  137 363  138 251 
 86 1636  87 762  96 645  97 863  98 1389  99 333  107 1551  108 4350  109 1159  110 144  117 450  118 1393  119 727  120 491  128 134  129 402  130 462  138 125  139 377  140 433 
 86 194  87 2215  97 1008  99 1056  100 1195  109 3274  110 3705  119 950  120 1075 
 87 800  88 1609  97 242  98 766  100 305  110 947  120 275 
 87 335  88 1821  89 465  98 867  99 221 
 84 235  92 875  93 2376  94 98 
 84 162  85 56  93 2626  94 567  95 23  111 856  121 1089 
 85 219  94 3126  95 91  111 2323  112 2568  121 2957  122 3268 
 85 210  94 1375  95 1838  112 489  113 3057  114 1345  122 622  123 3891  124 1712  131 54  132 37  141 459  142 316  151 567  152 391 
 85 154  86 64  95 3190  96 27  114 1712  115 3057  116 122  124 2179  125 3891  126 155  132 13  133 50  134 48  135 35  142 110  143 427  144 411  145 300  152 136  153 528  154 508  155 371 
 86 219  95 125  96 3092  116 2935  117 1956  126 3735  127 2490  135 14  136 50  137 48  138 33  145 126  146 427  147 411  148 285  155 156  156 528  157 508  158 352 
 86 210  96 2089  97 1125  117 1100  118 3057  119 733  127 1400  128 3891  129 933  138 16  139 50  140 57  148 142  149 427  150 491  158 176  159 528  160 606 
 86 146  87 73  96 60  97 3157  119 2323  120 2629  129 2957  130 3346 
 87 219  97 841  98 2376  120 672  130 856 
 87 251  97 104  98 2689  99 687 
 92 254  93 689  94 333  102 621  103 1686 
 93 762  94 375  95 80  103 1863  104 355  121 155  131 1206  141 583 
 94 907  95 310  104 2218  121 422  122 466  131 3274  132 3619  141 1584  142 1751 
 94 399  95 807  104 976  105 1242  122 88  123 555  124 244  132 689  133 4308  134 1895  142 333  143 2084  144 917 
 95 1126  96 91  105 2218  124 311  125 555  126 22  134 2412  135 4308  136 172  144 1167  145 2084  146 83 
 95 36  96 1181  105 88  106 2130  126 533  127 355  136 4136  137 2757  146 2001  147 1334 
 96 879  97 326  106 1420  107 798  127 200  128 555  129 133  137 1551  138 4308  139 1034  147 750  148 2084  149 500 
 96 206  97 1011  107 2218  129 422  130 478  139 3274  140 3705  149 1584  150 1792 
 97 528  98 689  107 532  108 1686  130 122  140 947  150 458 
 97 356  98 780  99 199  108 1908  109 488 
 94 313  102 790  103 2146  112 112  113 306 
 94 216  95 75  103 2372  104 451  113 338  114 64  141 661  151 1284 
 95 292  104 2824  114 403  141 1795  142 1984  151 3485  152 3852 
 95 281  104 1242  105 1581  114 177  115 225  142 378  143 2362  144 1039  152 733  153 4586  154 2018 
 95 205  96 86  105 2824  115 403  144 1323  145 2362  146 94  154 2568  155 4586  156 183 
 96 292  105 112  106 2711  115 16  116 387  146 2268  147 1512  156 4403  157 2935 
 96 281  106 1807  107 1016  116 258  117 145  147 850  148 2362  149 567  157 1651  158 4586  159 1100 
 96 194  97 97  107 2824  117 403  149 1795  150 2031  159 3485  160 3944 
 97 292  107 677  108 2146  117 96  118 306  150 519  160 1009 
 97 335  108 2428  109 621  118 346  119 88 
 94 294  104 39  112 875  113 2376 
 94 202  95 70  104 27  105 9  113 2626  114 500  151 77 
 95 273  105 36  114 3126  151 211  152 233 
 95 263  105 35  114 1375  115 1750  152 44  153 277  154 122 
 95 192  96 81  105 25  106 10  115 3126  154 155  155 277  156 11 
 96 273  106 36  115 125  116 3001  156 266  157 177 
 96 263  106 35  116 2001  117 1125  157 100  158 277  159 66 
 96 182  97 91  106 24  107 12  117 3126  159 211  160 239 
 97 273  107 36  117 750  118 2376  160 61 
 97 314  107 41  118 2689  119 687 
 104 333  112 423  113 1149  122 480  123 1303 
 104 229  105 80  113 1270  114 242  123 1440  124 274 
 105 310  114 1512  124 1714 
 105 298  114 665  115 847  124 754  125 960 
 105 218  106 91  115 1512  125 1714 
 106 310  115 60  116 1452  125 68  126 1646 
 106 298  116 968  117 544  126 1097  127 617 
 106 206  107 103  117 1512  127 1714 
 107 310  117 363  118 1149  127 411  128 1303 
 107 356  118 1301  119 332  128 1474  129 377 
 104 411  122 931  123 2529  132 56  133 153 
 104 283  105 99  123 2795  124 532  133 169  134 32 
 105 383  124 3328  134 201 
 105 369  124 1464  125 1863  134 88  135 112 
 105 269  106 113  125 3328  135 201 
 106 383  125 133  126 3195  135 8  136 193 
 106 369  126 2130  127 1198  136 129  137 72 
 106 255  107 127  127 3328  137 201 
 107 383  127 798  128 2529  137 48  138 153 
 107 440  128 2862  129 732  138 173  139 44 
